967
-1.18323 -0.460366 
-1.14518 -0.421376 
-1.1 -0.384101 
-1.05481 -0.346825 
-1.02075 -0.30877 
-0.986691 -0.270716 
-0.952632 -0.232661 
-0.92159 -0.172733 
-0.890549 -0.112805 
-0.875752 -0.0518023 
-0.883887 0.0317658 
-0.889952 0.0842893 
-0.896016 0.136813 
-0.894608 0.199533 
-0.8932 0.262252 
-0.87485 0.334625 
-0.8565 0.406997 
-0.826659 0.461319 
-0.796818 0.51564 
-0.744207 0.60061 
-0.71036 0.643739 
-0.676513 0.686869 
-0.634918 0.723889 
-0.593324 0.76091 
-0.545019 0.791973 
-0.496714 0.823036 
-0.442735 0.848294 
-0.388757 0.873551 
-0.330141 0.893155 
-0.271526 0.912759 
-0.209311 0.926861 
-0.147095 0.940963 
-0.0823169 0.949715 
-0.0175384 0.958467 
0.0487665 0.962021 
0.115071 0.965575 
0.181866 0.964083 
0.24866 0.962591 
0.314907 0.956204 
0.381154 0.949817 
0.445817 0.938687 
0.51048 0.927558 
0.572522 0.911838 
0.634564 0.896117 
0.692948 0.875958 
0.751332 0.855799 
0.805022 0.831352 
0.858711 0.806906 
0.906669 0.778324 
0.954627 0.749743 
0.995817 0.717178 
1.04848 0.673781 
1.08268 0.630199 
1.11688 0.586618 
1.15108 0.543036 
1.18548 0.477655 
1.21988 0.412274 
1.24001 0.347352 
1.26013 0.282429 
1.26861 0.218432 
1.27708 0.154435 
1.27654 0.0918309 
1.27599 0.0292269 
1.26905 -0.0315168 
1.26211 -0.0922605 
1.25141 -0.150676 
1.2407 -0.209092 
1.22885 -0.264713 
1.21701 -0.320334 
1.20665 -0.372693 
1.19629 -0.425052 
1.1838 -0.522309 
1.18872 -0.637195 
1.13661 -0.664427 
1.06666 -0.672975 
0.996706 -0.681523 
0.938677 -0.684127 
0.880648 -0.686731 
0.822619 -0.689334 
0.771063 -0.689126 
0.719508 -0.688919 
0.667953 -0.688711 
0.585061 -0.679878 
0.58216 -0.622935 
0.585061 -0.539634 
0.533519 -0.568332 
0.481977 -0.597031 
0.418866 -0.610529 
0.355756 -0.624026 
0.288018 -0.624915 
0.22028 -0.625804 
0.154859 -0.616677 
0.0894365 -0.607549 
0.0332722 -0.590996 
-0.0228922 -0.574442 
-0.0917684 -0.539634 
-0.0984844 -0.603937 
-0.116159 -0.698171 
-0.193073 -0.715555 
-0.267846 -0.720945 
-0.342618 -0.726334 
-0.398297 -0.726644 
-0.453976 -0.726954 
-0.509655 -0.727264 
-0.574351 -0.721183 
-0.677134 -0.698171 
-0.685174 -0.607171 
-0.681607 -0.535334 
-0.678041 -0.463498 
-0.677587 -0.404005 
-0.677134 -0.344512 
-0.728797 -0.396864 
-0.780459 -0.449215 
-0.822126 -0.48022 
-0.863794 -0.511225 
-0.905461 -0.54223 
-0.960355 -0.573672 
-1.01525 -0.605113 
-1.07348 -0.618902 
-1.11484 -0.569807 
-1.15621 -0.520712 
-0.937111 -0.202697 
-0.90607 -0.142769 
-0.88315 -0.0823036 
-0.87982 -0.0100182 
-0.895312 0.168173 
-0.893904 0.230892 
-0.884025 0.298439 
-0.865675 0.370811 
-0.841579 0.434158 
-0.811738 0.488479 
-0.770513 0.558125 
-0.359449 0.883353 
-0.300834 0.902957 
-0.240418 0.91981 
-0.178203 0.933912 
-0.114706 0.945339 
-0.0499276 0.954091 
0.015614 0.960244 
0.0819189 0.963798 
0.148468 0.964829 
0.215263 0.963337 
0.281784 0.959397 
0.348031 0.95301 
0.413486 0.944252 
0.478148 0.933123 
0.541501 0.919698 
0.603543 0.903978 
0.663756 0.886038 
0.72214 0.865879 
1.02215 0.695479 
1.16828 0.510346 
1.20268 0.444965 
1.22995 0.379813 
1.25007 0.31489 
1.26437 0.25043 
1.27285 0.186433 
1.27681 0.123133 
1.27627 0.0605289 
1.27252 -0.00114495 
1.26558 -0.0618886 
1.19004 -0.473681 
1.18626 -0.579752 
1.10163 -0.668701 
1.03168 -0.677249 
0.626507 -0.684294 
0.58361 -0.581284 
0.450422 -0.60378 
0.387311 -0.617277 
0.321887 -0.624471 
0.254149 -0.62536 
0.18757 -0.62124 
0.122148 -0.612113 
-0.0573303 -0.557038 
-0.0951264 -0.571786 
-0.107322 -0.651054 
-0.154616 -0.706863 
-0.23046 -0.71825 
-0.305232 -0.72364 
-0.542003 -0.724224 
-0.625743 -0.709677 
-0.681154 -0.652671 
-0.683391 -0.571252 
-0.679824 -0.499416 
-0.702966 -0.370688 
-0.754628 -0.423039 
-0.932908 -0.557951 
-0.987802 -0.589392 
-1.09416 -0.594355 
-1.13553 -0.545259 
-1.16972 -0.490539 
-1.06018 -0.540241 
-0.974048 -0.53719 
-0.896616 -0.465113 
-0.844134 -0.418521 
-0.7989 -0.320568 
-0.864688 0.172459 
-0.351367 0.140927 
-0.499071 -0.409959 
-0.608523 0.674879 
-0.373717 0.830087 
0.0363409 0.9254 
0.437932 0.415598 
0.266787 -0.272713 
0.392764 0.902362 
0.668843 0.843708 
1.0056 0.542557 
0.859383 0.734134 
1.24449 0.133909 
0.99327 -0.422765 
1.0871 -0.610979 
0.455229 -0.559227 
0.573132 -0.396665 
-0.265551 -0.688315 
-0.635816 -0.623698 
-0.777486 -0.262491 
-0.552184 -0.0800376 
-0.412285 -0.265376 
-0.377594 0.418842 
0.178572 0.916548 
0.88567 0.108523 
0.0204532 0.730489 
0.657829 0.485634 
0.581463 -0.230841 
0.724331 0.586995 
0.341865 -0.579987 
1.1946 -0.0419452 
0.495472 -0.409331 
-0.24611 -0.51555 
-0.730297 -0.156584 
-0.59379 0.0643469 
-0.838453 -0.0129311 
-0.331474 -0.407723 
-0.102857 -0.310838 
-0.650373 0.304526 
0.00561806 0.485144 
0.865165 -0.290227 
1.14394 0.295015 
0.145816 0.788219 
0.562544 0.644083 
0.671003 0.319431 
0.429302 -0.300194 
0.793201 -0.440436 
0.229308 -0.588163 
0.813531 -0.0939467 
1.16977 -0.232083 
0.46349 -0.246873 
-0.60591 -0.280754 
-0.428578 -0.578467 
0.160559 -0.107364 
-0.275052 -0.379514 
-0.516729 0.387298 
-0.803035 0.444277 
-0.219349 -0.0606991 
0.262887 0.574705 
1.02102 -0.223002 
0.8617 0.316205 
0.955345 0.126407 
0.094905 0.564316 
0.571924 0.508702 
0.562363 0.177918 
0.516674 -0.075427 
0.736292 -0.244536 
0.128009 -0.42051 
0.682405 0.154602 
0.629207 -0.251311 
0.0400776 -0.246593 
0.339168 -0.137885 
-0.0687288 0.1073 
-0.367255 -0.0464323 
0.256533 0.468135 
0.311941 0.519686 
1.02578 0.34529 
0.798067 0.506628 
-0.0933485 0.70027 
0.162182 0.529175 
0.544109 0.339119 
0.289241 0.0931328 
0.667296 -0.104811 
0.0924515 -0.207119 
0.844836 0.20437 
-0.0507221 -0.150072 
-0.00216807 -0.449801 
-0.0721477 -0.078195 
0.186411 0.373574 
-0.27526 0.0366413 
-0.531563 0.0675464 
-0.130783 0.906801 
0.47032 0.337186 
0.90158 0.241208 
-0.0794889 0.0424684 
-0.151034 0.0333564 
0.253827 0.305009 
-0.41768 0.163184 
0.296662 0.395556 
-0.172165 0.108397 
-0.131978 0.230417 
0.0748509 0.199098 
0.0590257 0.0846661 
-0.820559 -0.0752989 
-0.6116 -0.203716 
-0.633641 0.226845 
-0.837412 0.31364 
-0.83198 0.241029 
-0.513784 0.758687 
-0.0247917 -0.228586 
-0.139286 0.754318 
-0.230302 0.213309 
0.138649 0.166395 
0.335337 0.598254 
0.532783 0.883894 
0.733866 0.815273 
0.997953 0.657361 
1.11774 0.499713 
0.235636 -0.129256 
1.2407 0.0159603 
1.14667 0.0852392 
0.930285 -0.577613 
1.09118 -0.452605 
1.00749 -0.481443 
0.125647 -0.574722 
0.885668 -0.339938 
-0.290097 -0.626313 
-0.603744 -0.514101 
-0.504927 -0.133456 
0.00560249 -0.526434 
-0.323178 -0.129233 
-0.617042 -0.394598 
-0.387662 0.586905 
-0.254884 0.879705 
0.294563 0.927318 
0.720417 0.37233 
-0.203513 0.547821 
0.807124 0.683278 
0.76092 0.0504253 
1.19194 -0.162105 
0.37278 -0.429338 
-0.449815 -0.37801 
-0.524366 0.304488 
-0.102834 -0.476273 
0.0416368 0.596442 
0.882668 -0.00353222 
1.22078 0.296875 
0.545161 0.705572 
0.929286 0.358743 
0.67944 -0.610198 
0.632926 0.646626 
0.972343 -0.171348 
-0.135631 -0.567104 
-0.544229 -0.309047 
-0.644821 0.0919502 
-0.456725 -0.0318418 
-0.506642 -0.673489 
-0.305652 -0.309125 
-0.44017 0.465158 
-0.226241 -0.174379 
0.212754 0.698511 
0.652399 -0.361726 
0.695126 0.255817 
0.987655 0.00986982 
0.244852 0.777798 
0.643617 0.388269 
0.635235 0.534835 
0.60838 0.12168 
0.450231 0.0432232 
0.690215 -0.169984 
0.623657 -0.491736 
0.593157 0.00998569 
0.731515 -0.105736 
1.00569 -0.0508035 
1.16297 -0.357317 
0.446326 -0.181373 
-0.440829 -0.436423 
0.208507 -0.328732 
0.38156 -0.0539894 
-0.187486 -0.310744 
-0.669738 0.563383 
-0.288051 0.250278 
-0.384639 -0.11229 
0.130174 0.226687 
0.498575 0.676314 
1.18786 0.398681 
1.11702 0.150118 
1.01869 0.282074 
-0.228335 0.703554 
0.488064 0.599065 
0.631271 0.270717 
0.251359 0.0240086 
0.836426 -0.336143 
0.852589 -0.155642 
0.251296 -0.394838 
0.0607483 -0.338671 
0.65589 0.214184 
-0.144649 -0.232918 
0.319151 -0.228021 
0.0529688 -0.0511106 
-0.0599569 0.263334 
-0.593264 -0.0289741 
0.99826 0.398175 
0.867674 0.396774 
0.884798 0.558942 
0.0574766 0.437831 
0.41947 0.16373 
0.529565 0.230718 
0.563609 -0.116019 
0.103973 -0.0962088 
-0.0118522 -0.371189 
-0.16187 -0.140797 
-0.405658 0.0892288 
-0.54125 0.180426 
-0.0605462 0.820394 
0.902406 0.173096 
-0.19081 0.370786 
0.000113018 0.297688 
0.00698271 0.228418 
-0.658564 -0.0467597 
-0.713791 -0.268683 
-0.797196 0.0488125 
-0.690573 0.248224 
-0.613597 0.523363 
-0.277761 0.652576 
0.259902 0.200245 
0.384814 0.70284 
0.30869 -0.0193951 
0.939692 -0.444296 
0.916939 -0.640032 
0.993314 -0.356413 
-0.197797 0.483218 
-0.400804 0.708974 
-0.0768224 0.589498 
1.08453 -0.143715 
-0.454568 0.338438 
0.0269083 0.545327 
0.727748 0.701354 
0.890379 -0.0972836 
-0.718835 0.000429354 
-0.270858 0.572299 
0.645469 -0.00351996 
-0.404369 0.289559 
0.409329 0.594104 
0.196804 0.0633197 
0.725522 -0.328315 
0.275 -0.545682 
0.00432156 -0.166318 
-0.120236 0.358962 
0.349149 0.219408 
-0.700023 0.356473 
-0.332609 0.534169 
0.340034 0.755794 
-0.237602 0.268933 
0.0772051 0.687691 
0.194594 -0.255784 
0.81598 -0.572945 
0.854879 -0.471134 
0.521241 -0.511432 
-0.42463 -0.656815 
-0.341079 -0.678633 
-0.49222 0.639714 
0.39138 -0.528923 
0.0819012 0.819287 
0.41388 0.771327 
-0.0527539 -0.496422 
-0.752395 0.161469 
0.767266 0.23556 
0.538953 0.128985 
0.313229 -0.370263 
0.323477 -0.432013 
0.59524 -0.305055 
0.387367 0.02499 
-0.738563 0.468461 
-0.597557 0.427032 
1.10531 0.428564 
0.437206 0.52257 
-0.0299429 0.918485 
0.123609 0.300039 
0.378075 0.41563 
-0.300778 0.350487 
0.133491 0.0388224 
0.485348 0.775584 
-0.238799 -0.589025 
-0.369367 -0.536301 
-0.560272 -0.591378 
-0.408165 -0.172656 
-0.26922 -0.0344774 
1.11501 0.0377808 
-0.269494 -0.243972 
0.214468 0.603968 
-0.668467 0.628153 
-0.143568 0.660198 
0.897335 0.61518 
-0.0630714 0.469105 
-0.0121988 0.120465 
-0.313995 0.435379 
0.332273 0.153587 
0.210959 -0.518733 
-0.581413 0.344887 
-1.07898 -0.453519 
-1.03387 -0.406589 
-0.98822 -0.354956 
-0.923314 -0.288724 
-0.854951 -0.157268 
-0.541371 -0.244175 
-0.765523 0.337644 
-0.438296 0.776963 
1.2205 0.0770459 
0.743479 -0.636802 
0.994018 -0.578944 
1.13089 -0.557957 
0.794666 -0.62908 
0.0663591 -0.47443 
-0.897077 -0.209564 
-0.187464 0.883623 
0.751071 0.456114 
0.68897 0.0861805 
0.694516 0.501128 
0.45562 -0.479685 
-0.740771 -0.335382 
-0.481177 0.17658 
0.134974 0.858755 
1.02223 -0.118696 
-0.169007 -0.62964 
-0.641633 0.0242949 
-0.50865 0.587346 
0.614067 0.459451 
0.775282 -0.16621 
0.699808 -0.537978 
-0.496877 -0.480605 
-0.219259 -0.439475 
1.01641 -0.312829 
0.973254 0.209135 
-0.329785 0.71803 
0.758559 -0.0405049 
0.903418 -0.197671 
0.779044 0.31731 
-0.0262757 -0.0176743 
0.0870695 0.368617 
-0.523971 -0.0126601 
0.931586 0.508125 
0.833771 0.608631 
0.141671 0.416032 
0.418898 0.248753 
0.248933 -0.205576 
-0.00526425 -0.100946 
0.755643 0.112281 
-0.340145 0.0647432 
0.00636946 0.85104 
0.0303238 0.0184176 
0.0648783 0.262112 
-0.361351 0.22271 
-0.735105 -0.0792146 
0.66849 0.738073 
1.0492 0.505941 
0.267402 -0.0716607 
0.957467 -0.23451 
-0.563844 -0.450221 
0.795299 0.388511 
0.858717 0.502934 
1.09121 -0.217077 
0.407636 -0.354801 
-0.480654 -0.282622 
-0.56504 0.236046 
-0.144004 -0.342849 
0.0610097 0.503459 
0.592461 0.842619 
0.716542 -0.414378 
-0.450001 -0.0928302 
0.743411 0.173803 
1.0781 0.0837611 
0.572315 0.393962 
0.536251 -0.201722 
-0.437872 0.229905 
1.20229 0.181906 
1.057 0.211459 
0.832211 -0.22817 
0.39217 -0.230253 
0.00753835 0.370587 
0.366779 0.097919 
0.169763 -0.185062 
-0.610273 0.596736 
-0.494137 0.474628 
-0.199728 0.654235 
0.268213 0.733597 
-0.359464 0.650367 
-0.0396682 0.534579 
1.07305 -0.0712232 
0.3585 0.284427 
0.289579 0.864328 
-0.158416 0.305008 
-0.427958 0.644882 
0.467572 0.904962 
0.346841 -0.309126 
0.954968 0.592753 
-0.786364 -0.191721 
0.121026 0.638777 
0.921842 0.716952 
1.13109 0.373767 
0.86106 -0.619491 
-0.5802 -0.135603 
0.680458 0.443896 
-0.659036 -0.129281 
-0.293001 -0.452107 
0.110177 0.923872 
0.454399 0.719214 
-0.753366 0.106104 
-0.389234 -0.383124 
0.266935 0.652911 
0.240496 0.911108 
0.666007 0.594363 
0.554532 0.0634469 
0.741519 -0.492358 
-0.198932 -0.249663 
-0.631441 0.387217 
-0.182795 0.217796 
1.13242 0.223614 
0.604726 0.332723 
0.438721 -0.106527 
0.152769 -0.36283 
0.133744 -0.31105 
0.527551 -0.262369 
-0.0662919 -0.429746 
-0.152765 -0.0614896 
0.324233 0.45543 
-0.0265637 0.692825 
0.482994 0.0994715 
0.846727 0.0435995 
0.0574666 -0.403771 
-0.214642 -0.00234473 
-0.322306 -0.0724624 
-0.119187 0.0877078 
0.294101 0.266057 
0.192609 0.00115137 
-0.695296 0.190252 
-0.593227 0.181926 
-0.41211 0.527693 
-0.286753 0.106795 
0.554739 0.76678 
0.719621 0.760816 
0.928866 0.0466376 
1.17375 0.0254857 
0.854029 -0.39588 
1.05556 -0.530498 
-0.492451 -0.346079 
-0.357114 -0.175133 
-0.293365 0.799011 
0.787415 0.761822 
0.825671 -0.0227276 
1.0559 0.0088089 
0.949969 0.287918 
-0.395567 0.00816603 
-0.491817 -0.549123 
-0.239839 -0.310306 
-0.265979 -0.108037 
0.563442 0.56862 
0.536887 -0.00824575 
0.500465 0.171624 
0.641689 -0.54032 
0.932193 -0.0351934 
0.139022 -0.506231 
0.458492 -0.0205172 
-0.292458 0.179666 
0.374524 0.54298 
-0.208368 0.765307 
0.594229 0.225653 
0.132421 -0.037017 
-0.0525637 0.180381 
-0.0580644 0.332639 
0.627727 -0.197685 
0.603843 -0.0601633 
-0.501898 0.235975 
-0.124316 0.523232 
-0.260364 0.511459 
0.189402 0.249327 
0.338531 0.660637 
0.91837 -0.496917 
1.07059 -0.371723 
0.695512 0.641781 
0.436436 0.655984 
-0.0651249 0.399806 
-0.359689 -0.605911 
0.262697 -0.472893 
0.484183 -0.30205 
-0.750293 0.401435 
-0.677236 0.494375 
0.375319 0.484967 
-0.574115 -0.673932 
-0.138619 0.433673 
0.196202 -0.449988 
-0.915993 -0.390014 
0.633252 0.0509233 
-0.433229 -0.507108 
1.12301 -0.29172 
0.934587 0.43257 
-0.32603 0.598806 
1.12595 -0.023674 
0.362964 0.348054 
0.454088 0.840961 
-0.687638 0.426691 
-0.952116 -0.488614 
-1.01152 -0.475503 
-0.830984 -0.282762 
-0.787026 -0.383384 
-0.318846 0.864535 
-0.636554 -0.454539 
-0.245248 0.348381 
1.06679 0.562501 
1.0647 0.386651 
0.0764955 -0.546481 
-0.410795 -0.0550575 
-0.551934 0.625967 
-0.169138 0.70654 
1.21807 -0.101811 
-0.101191 0.638729 
0.0741831 0.875297 
-0.598933 -0.340134 
0.328332 -0.504828 
-0.659463 -0.259335 
-0.140201 -0.417576 
0.207048 0.133602 
0.943936 -0.303493 
1.20481 0.244048 
0.212447 0.509272 
0.473305 0.459715 
0.668441 -0.287423 
-0.108478 -0.123876 
-0.0858355 -0.363747 
0.146283 0.355609 
0.511678 0.519517 
0.996009 0.473109 
0.840371 0.279162 
0.0188345 0.653304 
0.217345 0.413031 
0.49387 0.393849 
0.509204 -0.150073 
0.0582444 -0.139297 
0.0150382 -0.296093 
-0.520659 0.131242 
-0.0817917 0.77 
0.300995 0.325371 
-0.120728 0.147628 
0.0270048 0.160444 
-0.0162344 0.0595106 
-0.78148 -0.0232494 
-0.810626 0.127243 
-0.268152 0.728273 
1.05531 0.448773 
-0.297018 -0.178793 
-0.552417 -0.374777 
0.215967 0.833458 
-0.047591 0.644288 
0.822325 0.105768 
-0.161374 -0.501797 
0.676865 -0.48476 
-0.431909 -0.328096 
-0.443444 0.400749 
0.146966 0.710501 
0.577224 -0.470643 
0.786555 -0.368029 
0.670588 -0.23039 
0.956119 -0.103403 
-0.497624 -0.0707996 
-0.465809 -0.206104 
1.19184 0.348403 
0.565554 0.282357 
0.796757 -0.29883 
-0.107686 -0.189262 
0.0816426 0.0111671 
0.8255 0.450832 
0.876367 0.669046 
-0.46352 0.038706 
-0.685524 -0.204939 
-0.812842 0.379079 
-0.781311 0.283603 
0.929262 -0.385537 
-0.208607 0.428086 
-0.468671 0.703996 
1.14562 -0.102842 
-0.464226 0.280575 
-0.377267 0.355284 
0.174461 -0.570482 
-0.36338 0.476352 
0.0851784 0.754915 
0.864449 -0.541649 
-0.53802 0.694162 
0.359324 0.83169 
0.277322 -0.334596 
0.3109 0.0579497 
-0.732379 0.533403 
1.15507 0.437061 
0.137864 0.105596 
-0.303508 -0.563028 
-0.367896 -0.461342 
-0.342949 -0.243394 
-0.152968 0.602094 
-0.864509 -0.335507 
0.754244 -0.569989 
-0.137108 0.826003 
-0.469868 0.111163 
-0.367532 0.766533 
0.0563334 0.319948 
-0.328048 -0.00682169 
0.636635 -0.436287 
1.006 0.0702583 
1.03096 0.142119 
0.117249 -0.146984 
-0.608827 -0.0840604 
-0.0961076 -0.0162705 
-0.200964 -0.366935 
0.761712 0.63136 
-1.12407 -0.495253 
-0.966553 -0.42984 
-0.883845 -0.262985 
-0.784966 -0.131881 
-0.168691 -0.196879 
-0.26918 0.305033 
0.186433 0.649112 
0.940647 0.66106 
1.07624 0.324523 
1.18013 -0.293355 
1.14133 -0.428093 
0.968234 -0.631549 
1.02879 -0.626213 
1.04369 -0.451574 
1.13821 -0.61965 
0.621204 -0.644404 
-0.640715 -0.556057 
-0.540951 -0.184576 
0.781836 0.567593 
0.708715 0.0164761 
0.741185 0.528773 
1.13247 -0.49375 
0.420695 -0.4135 
0.894054 0.304985 
0.524247 -0.338985 
-0.699631 0.127772 
-0.576457 0.0225901 
-0.316126 -0.505883 
-0.222258 0.0706498 
-0.333969 -0.359177 
-0.0952557 -0.258116 
0.319785 0.701549 
1.13605 -0.172206 
0.836608 0.341067 
0.381608 -0.465485 
1.03848 -0.17447 
0.348381 -0.18558 
0.0794539 -0.274972 
-0.62704 0.454474 
0.327446 -0.084588 
0.374986 -0.108484 
0.914625 -0.145475 
0.210189 0.555592 
0.250987 0.525496 
0.831263 0.548026 
0.241379 0.354927 
0.850932 0.15031 
0.98381 0.33446 
0.184604 0.470261 
-0.581193 0.123682 
-0.04007 0.735873 
-0.230723 0.141759 
-0.754057 0.2299 
-0.488544 0.523843 
-0.0507259 -0.305179 
-0.178147 0.175983 
0.185204 0.194481 
0.0876763 0.143752 
1.0262 0.609889 
0.294471 -0.118339 
1.18608 0.125561 
0.898594 -0.438688 
-0.190688 -0.560312 
-0.482475 -0.610015 
0.726484 0.299788 
-0.304963 0.481922 
0.883636 0.45791 
0.36453 -0.385142 
1.08437 0.266852 
0.61213 0.598021 
0.682595 0.787908 
0.606586 0.709956 
-0.543349 -0.51783 
0.205652 0.756683 
0.496842 0.0353687 
0.471654 0.222348 
0.620899 -0.136068 
1.05508 -0.279704 
-0.145566 -0.283827 
0.197011 0.315096 
-0.216249 0.831017 
0.106472 -0.367393 
0.620684 0.178635 
0.389684 -0.158523 
0.0348319 -0.198723 
0.878052 0.344288 
0.314926 0.107038 
0.488322 0.282703 
-0.20542 -0.10877 
0.0355054 0.788611 
-0.1057 0.298392 
-0.738516 -0.216571 
-0.48974 0.439138 
0.38128 0.642517 
0.96712 -0.474645 
-0.221278 0.605145 
-0.262693 0.396958 
-0.0123858 0.593764 
0.86905 -0.0505419 
-0.70912 0.0667269 
-0.333462 0.295852 
0.254562 0.0832307 
0.275958 0.128711 
-0.012062 0.432086 
-0.57576 0.402867 
0.286586 0.799051 
0.134215 -0.24668 
0.524507 -0.453563 
0.398433 -0.578846 
-0.803142 0.186975 
0.421893 0.0856541 
-0.0723971 0.87839 
0.42084 0.459218 
0.507544 0.729026 
-0.231075 -0.649023 
0.164248 0.590203 
-0.326335 0.391242 
-0.591173 0.283953 
-0.93581 -0.328706 
0.978816 -0.52371 
-0.83823 -0.227727 
0.692807 0.549746 
-0.453161 0.584761 
0.999336 -0.269768 
0.686128 -0.0496906 
0.900398 -0.250424 
0.116997 0.486882 
0.420049 0.310584 
-0.0197559 0.782974 
0.665469 0.687496 
0.244256 -0.0249071 
0.460873 -0.353675 
0.524213 0.821632 
0.628356 0.781598 
-0.44302 -0.144075 
0.709223 0.206596 
0.539274 0.455837 
0.496045 -0.207935 
-0.554406 0.554923 
-0.55099 0.465545 
0.336632 0.895195 
-0.192154 0.257817 
-0.369162 -0.314769 
0.804177 -0.514378 
0.794034 0.0641259 
0.238979 0.266932 
0.205232 -0.0612046 
-0.641602 0.156283 
-0.396575 -0.21315 
0.782511 0.0177629 
0.573082 -0.171614 
-0.257808 0.455924 
0.187356 -0.391132 
0.426632 0.36948 
-0.215139 0.309601 
0.0705744 0.628323 
0.797574 0.163373 
-0.723452 0.293308 
0.298209 -0.167585 
1741
120 189 808 
191 808 189 
190 1 0 
496 1 808 
189 119 191 
119 188 191 
186 192 116 
115 697 186 
697 809 698 
191 187 192 
113 193 114 
192 697 698 
193 697 115 
697 193 809 
185 700 112 
4 498 5 
193 113 194 
184 516 111 
499 793 810 
110 416 516 
499 810 6 
185 111 700 
121 510 7 
7 510 500 
122 7 500 
299 500 811 
231 9 299 
9 231 124 
124 231 10 
216 597 324 
16 770 129 
125 12 196 
125 196 13 
11 742 12 
446 681 502 
14 303 127 
126 13 303 
196 303 13 
126 303 14 
15 127 302 
302 127 303 
302 770 128 
643 329 701 
554 327 702 
17 252 130 
376 487 19 
252 469 130 
199 782 23 
24 304 25 
428 797 503 
27 26 200 
304 503 25 
132 27 200 
200 701 132 
812 407 355 
28 701 133 
30 134 511 
30 511 135 
31 287 136 
329 511 134 
136 287 32 
137 32 473 
33 473 138 
287 919 32 
34 138 201 
201 601 139 
35 139 601 
139 34 201 
35 601 140 
476 908 813 
37 141 606 
36 219 141 
356 754 814 
477 630 440 
380 676 385 
143 948 39 
39 204 144 
330 948 38 
589 40 204 
204 783 695 
147 42 563 
40 589 145 
146 310 42 
147 563 43 
148 43 205 
310 563 42 
44 148 205 
205 311 149 
311 644 46 
149 44 205 
312 866 51 
47 46 644 
53 704 54 
49 594 50 
207 594 48 
312 50 815 
150 50 312 
150 312 51 
56 381 153 
52 866 704 
551 313 704 
342 719 58 
237 595 816 
152 381 56 
471 787 313 
155 58 719 
381 761 153 
57 342 154 
154 342 58 
59 571 156 
157 60 208 
156 208 60 
61 157 208 
394 541 203 
160 63 226 
61 504 158 
571 868 208 
159 315 63 
315 226 63 
226 710 160 
508 78 596 
245 817 67 
690 370 817 
818 70 370 
819 75 820 
78 508 79 
164 820 75 
161 829 71 
506 819 820 
70 818 161 
821 209 319 
74 163 210 
162 507 822 
71 507 162 
73 72 822 
162 822 72 
452 794 508 
79 505 80 
83 823 166 
80 345 81 
345 166 823 
81 823 165 
165 823 82 
93 706 325 
169 88 225 
639 869 772 
225 442 89 
170 89 243 
366 755 84 
211 916 167 
88 168 225 
167 86 211 
85 211 86 
458 916 211 
87 916 168 
509 325 706 
243 778 171 
172 91 320 
320 706 92 
469 786 18 
18 130 469 
22 199 23 
20 487 21 
322 456 213 
107 824 183 
213 456 178 
99 213 178 
352 102 455 
95 348 174 
98 922 177 
174 348 96 
98 176 520 
348 520 96 
175 520 176 
176 97 175 
456 678 455 
323 183 824 
182 106 824 
455 101 456 
102 352 103 
323 702 183 
352 684 179 
106 181 214 
104 684 180 
180 214 181 
181 105 180 
187 191 117 
188 118 191 
117 191 118 
116 192 187 
190 808 1 
114 193 115 
496 497 2 
112 194 113 
497 498 3 
111 516 700 
498 926 5 
592 811 500 
699 810 793 
15 302 128 
10 417 11 
825 324 597 
282 461 325 
707 378 269 
327 713 110 
457 782 708 
22 21 199 
29 329 134 
287 135 511 
219 606 141 
37 606 142 
361 331 598 
41 310 146 
171 90 243 
90 170 243 
142 330 38 
488 274 709 
538 807 826 
45 149 311 
543 513 334 
151 54 313 
48 47 207 
273 826 828 
62 158 315 
208 504 61 
65 335 66 
245 66 335 
210 820 74 
507 71 829 
89 169 225 
84 454 85 
335 65 710 
336 842 830 
99 177 213 
353 837 250 
214 824 106 
103 352 179 
184 110 516 
415 549 599 
197 659 548 
123 299 9 
600 250 232 
173 461 95 
409 735 517 
488 792 711 
36 140 219 
459 518 712 
532 849 389 
57 153 761 
601 712 518 
33 137 473 
478 460 602 
647 344 831 
680 939 832 
505 79 508 
207 644 333 
346 879 239 
515 830 842 
91 171 778 
255 843 347 
67 66 245 
454 915 515 
558 939 241 
175 96 520 
282 619 461 
215 516 416 
327 746 713 
631 462 833 
536 286 834 
230 350 521 
231 417 10 
101 455 102 
789 228 835 
626 291 836 
232 250 837 
578 708 199 
17 129 252 
764 393 838 
672 422 839 
357 722 467 
557 245 840 
841 555 533 
220 637 257 
581 356 605 
518 747 219 
222 362 523 
652 877 239 
259 523 362 
367 688 608 
468 785 423 
558 875 830 
389 244 524 
242 564 609 
336 466 842 
94 325 173 
464 608 363 
262 524 365 
519 347 843 
69 68 370 
265 223 467 
371 891 574 
416 110 715 
109 327 110 
372 790 604 
372 198 526 
617 914 845 
423 374 468 
561 806 716 
353 650 485 
495 912 611 
251 495 338 
696 611 846 
131 786 19 
612 949 307 
326 627 378 
440 909 717 
589 695 310 
553 933 718 
209 674 426 
705 816 595 
512 598 331 
342 237 719 
289 411 529 
428 588 582 
486 850 254 
721 944 726 
361 614 240 
386 240 614 
314 867 552 
267 891 848 
244 645 531 
321 236 388 
434 389 849 
657 686 263 
266 845 279 
463 728 533 
358 386 392 
618 467 223 
441 262 722 
407 812 764 
561 716 724 
203 784 590 
371 574 246 
281 542 283 
284 539 725 
291 626 620 
230 834 286 
475 683 621 
720 851 850 
720 270 851 
472 721 726 
551 206 727 
463 280 728 
206 591 537 
556 400 852 
450 221 729 
31 135 287 
340 432 258 
720 856 270 
568 944 731 
260 654 464 
654 883 402 
294 730 853 
615 371 732 
265 757 666 
451 203 541 
405 395 733 
854 749 220 
647 383 855 
279 803 733 
534 283 542 
391 406 625 
838 862 305 
483 253 626 
723 407 764 
694 961 475 
730 270 856 
408 544 197 
483 799 627 
285 634 544 
230 286 857 
221 936 858 
459 712 545 
895 276 288 
270 730 294 
280 854 411 
257 529 411 
663 765 395 
628 291 290 
620 805 291 
634 836 859 
297 379 547 
421 910 493 
517 796 293 
438 570 548 
294 853 737 
270 621 271 
291 628 295 
449 813 377 
295 628 738 
474 547 379 
296 664 396 
387 440 630 
491 298 739 
546 298 740 
500 299 8 
229 599 549 
231 299 741 
247 715 110 
603 833 462 
409 560 632 
771 303 860 
16 128 770 
603 462 742 
234 418 301 
24 23 304 
579 354 861 
734 305 862 
266 892 305 
743 643 530 
858 936 736 
285 836 634 
738 296 863 
717 421 864 
297 739 865 
360 881 581 
309 254 271 
145 589 41 
310 940 563 
46 45 311 
205 878 311 
489 767 538 
52 51 866 
55 151 313 
471 313 744 
847 552 867 
405 803 249 
159 62 315 
571 382 868 
359 801 637 
504 316 638 
76 425 77 
424 772 869 
69 370 70 
424 902 209 
75 819 76 
506 820 640 
92 172 320 
442 494 243 
321 718 236 
573 763 236 
870 228 479 
480 790 689 
649 481 871 
327 109 702 
349 746 641 
565 942 378 
94 93 325 
325 509 282 
651 326 745 
544 799 285 
108 702 109 
349 713 746 
444 685 412 
26 503 200 
29 133 329 
643 743 661 
606 219 747 
143 38 948 
533 331 872 
399 766 555 
873 670 447 
622 274 748 
691 537 874 
433 333 644 
341 624 645 
624 220 749 
64 710 65 
335 840 245 
336 830 875 
390 466 465 
349 641 559 
198 372 337 
431 251 338 
570 668 517 
716 806 527 
527 228 750 
562 934 258 
593 963 258 
369 584 646 
341 637 624 
572 613 876 
59 155 719 
346 239 877 
205 43 563 
272 855 383 
344 855 398 
525 609 751 
345 655 166 
636 311 878 
550 941 879 
244 389 434 
347 532 553 
339 750 95 
228 789 479 
559 641 752 
349 559 501 
397 521 415 
230 857 350 
378 707 565 
408 796 768 
323 481 880 
481 684 352 
375 610 650 
604 950 752 
431 777 753 
328 633 447 
642 745 326 
610 485 650 
450 593 754 
309 605 254 
454 84 755 
441 564 756 
240 386 358 
264 543 566 
359 637 656 
316 382 567 
356 581 881 
330 606 586 
276 614 568 
240 331 361 
385 726 652 
222 514 362 
827 334 513 
392 890 264 
364 658 882 
540 402 883 
666 365 884 
265 722 757 
212 755 800 
525 751 655 
653 261 667 
367 667 437 
531 957 827 
368 278 365 
584 693 646 
519 369 758 
885 690 557 
318 818 674 
569 945 618 
261 732 404 
198 554 526 
248 678 480 
509 706 657 
203 451 373 
848 891 615 
261 653 658 
650 806 375 
393 610 886 
376 682 419 
20 19 487 
293 548 570 
197 634 659 
759 565 351 
559 217 760 
474 671 887 
379 297 308 
660 472 439 
380 239 343 
595 237 761 
55 787 152 
572 802 382 
208 156 571 
382 613 572 
383 876 816 
306 709 274 
329 643 888 
362 652 259 
239 380 385 
403 662 762 
662 392 386 
477 788 298 
552 954 314 
357 564 441 
388 756 639 
368 524 244 
388 236 763 
458 714 225 
390 784 373 
391 845 734 
616 617 889 
662 260 890 
566 943 264 
393 812 610 
764 305 281 
844 574 891 
867 314 966 
279 733 892 
546 395 765 
703 962 412 
414 396 664 
350 907 521 
216 759 536 
398 727 691 
272 705 398 
556 273 766 
893 344 399 
312 815 591 
594 207 767 
432 562 258 
396 413 665 
445 629 421 
277 785 894 
260 662 403 
731 288 276 
278 884 365 
367 653 667 
314 249 577 
249 663 405 
561 724 233 
282 625 406 
407 723 620 
651 355 896 
197 293 408 
648 408 768 
409 517 668 
301 632 560 
410 936 545 
511 795 287 
220 257 411 
411 289 280 
665 444 898 
332 427 669 
535 401 575 
396 414 413 
298 865 739 
297 547 414 
216 804 597 
415 804 397 
300 599 769 
769 229 899 
417 742 11 
231 741 417 
502 681 770 
502 302 771 
487 376 578 
753 354 900 
436 447 670 
488 709 580 
445 421 493 
671 953 887 
448 839 422 
676 422 901 
423 847 374 
374 658 468 
319 209 902 
426 772 209 
425 819 317 
317 596 425 
424 209 772 
528 426 674 
580 420 903 
703 412 904 
457 588 774 
530 428 582 
427 685 669 
340 905 432 
584 430 775 
369 519 584 
570 438 776 
354 753 218 
748 429 905 
401 562 235 
346 607 675 
675 807 433 
519 758 347 
645 244 906 
603 417 907 
549 741 299 
436 670 332 
582 692 420 
437 827 688 
531 932 368 
476 777 908 
777 431 438 
672 901 422 
271 660 309 
387 785 909 
717 909 910 
441 756 763 
262 757 722 
778 243 494 
243 89 442 
542 733 395 
281 305 443 
575 665 413 
235 490 911 
402 540 445 
629 737 292 
446 965 234 
470 611 912 
436 692 447 
779 354 218 
422 460 448 
360 581 913 
377 307 449 
444 412 587 
459 897 780 
622 729 221 
451 541 577 
914 617 451 
453 951 781 
564 751 609 
609 951 242 
453 781 673 
755 212 915 
211 85 454 
100 456 101 
248 871 455 
100 178 456 
248 455 678 
428 774 588 
304 23 782 
714 842 466 
87 167 916 
473 545 201 
450 780 221 
144 204 40 
586 913 783 
339 95 461 
173 325 461 
418 860 631 
196 742 917 
358 943 463 
289 728 280 
464 363 260 
623 464 654 
394 203 590 
784 390 465 
336 875 466 
494 442 679 
212 832 227 
212 357 467 
623 402 918 
387 423 785 
131 18 786 
252 770 681 
912 251 947 
376 786 682 
55 313 787 
551 744 313 
385 439 472 
202 920 475 
201 138 473 
287 795 919 
379 671 474 
535 725 539 
294 737 694 
721 472 920 
703 904 476 
476 924 777 
308 865 788 
546 765 298 
422 602 460 
602 380 921 
213 922 322 
922 520 479 
600 835 228 
232 604 790 
323 824 481 
104 179 684 
482 956 642 
482 642 378 
627 651 483 
620 626 253 
315 638 226 
316 567 484 
651 745 355 
485 791 353 
593 814 754 
593 258 923 
419 578 376 
199 21 487 
420 580 384 
429 711 792 
206 866 591 
594 815 50 
444 677 685 
235 583 490 
491 739 664 
290 740 268 
492 873 779 
476 904 924 
576 894 785 
493 402 445 
442 714 679 
657 494 686 
495 611 234 
560 338 925 
2 1 496 
192 698 191 
497 809 498 
3 2 497 
687 793 926 
4 3 498 
6 5 499 
194 700 793 
123 8 299 
8 122 500 
501 300 247 
247 349 501 
303 771 302 
771 965 502 
26 25 503 
304 774 503 
484 638 316 
315 158 504 
525 345 794 
345 80 505 
507 640 210 
673 317 927 
318 821 640 
210 822 507 
77 596 78 
508 596 452 
320 778 657 
263 625 509 
699 215 928 
121 6 510 
661 888 643 
410 919 795 
331 555 512 
273 828 512 
513 264 363 
367 437 688 
607 362 929 
222 598 514 
515 458 211 
211 454 515 
516 215 195 
195 700 516 
408 293 796 
293 570 517 
518 459 238 
238 881 747 
430 584 519 
656 758 369 
348 870 520 
520 922 98 
435 415 521 
397 834 521 
861 946 947 
633 328 930 
259 944 523 
361 598 523 
368 365 524 
262 573 524 
84 655 366 
505 794 345 
649 880 481 
248 480 689 
250 600 527 
228 870 750 
245 557 690 
553 718 931 
257 802 529 
383 647 529 
384 743 420 
200 503 797 
278 368 932 
531 368 244 
389 573 532 
933 553 532 
240 872 331 
533 872 463 
395 546 534 
290 805 534 
235 911 401 
547 474 798 
397 216 536 
351 768 536 
400 556 537 
344 398 691 
400 489 538 
333 807 538 
562 401 934 
401 535 539 
883 895 540 
935 585 540 
844 966 394 
314 577 541 
395 534 542 
542 281 443 
749 964 543 
264 513 543 
408 648 544 
483 285 799 
473 919 545 
897 545 936 
491 740 298 
546 740 534 
535 798 474 
413 414 547 
293 197 548 
377 908 548 
299 811 549 
549 415 435 
878 205 941 
675 433 937 
313 54 704 
537 727 206 
387 938 423 
630 954 938 
528 931 718 
255 347 553 
323 880 554 
198 746 554 
331 533 555 
555 841 399 
538 852 400 
512 766 273 
430 843 557 
255 931 885 
680 241 939 
241 590 558 
217 956 760 
559 760 501 
495 925 338 
560 925 301 
619 724 716 
233 886 561 
432 235 562 
539 934 401 
635 563 940 
635 879 941 
242 756 564 
357 212 800 
565 759 324 
482 378 942 
566 964 463 
392 264 943 
257 637 801 
567 801 646 
361 523 568 
721 731 944 
246 618 945 
666 958 223 
431 776 438 
560 668 338 
613 719 237 
316 868 382 
383 529 572 
567 382 802 
236 933 573 
389 524 573 
394 590 574 
241 246 574 
413 798 575 
677 911 490 
364 918 468 
576 402 493 
405 733 803 
279 914 577 
522 708 946 
578 199 487 
633 861 354 
470 912 947 
436 903 420 
580 903 792 
448 913 581 
356 814 605 
436 420 692 
582 420 530 
429 669 583 
583 235 432 
430 840 775 
484 646 693 
445 540 585 
475 294 694 
460 783 448 
948 330 586 
612 296 949 
396 898 296 
522 930 457 
328 582 588 
478 940 695 
310 41 589 
465 875 590 
241 574 590 
591 489 400 
400 537 591 
510 928 500 
416 899 215 
729 963 450 
275 923 258 
49 48 594 
333 767 207 
342 761 237 
381 787 595 
77 425 596 
317 781 596 
599 597 804 
501 825 300 
512 514 598 
222 523 598 
229 769 599 
300 597 599 
232 790 600 
228 527 600 
601 518 219 
219 140 601 
422 676 602 
343 921 380 
462 917 742 
435 907 417 
217 752 950 
337 372 604 
486 254 605 
309 672 605 
606 747 586 
330 142 606 
514 929 362 
224 675 607 
464 623 608 
653 882 658 
525 794 609 
453 242 951 
375 886 610 
610 355 485 
470 846 611 
446 234 611 
859 863 307 
587 949 296 
237 876 613 
613 382 571 
361 568 614 
276 762 614 
371 945 732 
261 658 615 
616 960 373 
373 617 616 
391 889 617 
373 451 617 
223 569 618 
246 680 618 
339 461 619 
619 282 406 
253 896 620 
290 291 805 
621 270 294 
621 294 475 
221 858 622 
711 748 274 
576 918 402 
364 882 623 
749 543 952 
952 957 624 
282 509 625 
263 889 625 
295 836 291 
626 285 483 
269 378 627 
326 651 627 
628 290 268 
268 738 628 
671 421 953 
629 445 585 
477 663 630 
552 938 954 
632 301 955 
301 418 631 
631 955 301 
735 857 286 
354 779 633 
588 930 328 
634 859 659 
197 544 634 
478 921 635 
343 879 635 
636 550 433 
433 644 636 
220 624 637 
341 656 637 
484 693 638 
638 315 504 
321 388 639 
639 242 453 
507 829 640 
319 927 640 
641 198 337 
337 752 641 
326 378 642 
791 642 956 
329 133 701 
200 797 643 
207 47 644 
311 636 644 
957 531 645 
434 906 244 
484 567 646 
646 359 369 
344 893 831 
289 529 647 
351 707 648 
269 799 648 
352 871 481 
248 689 649 
650 353 250 
561 375 806 
407 896 355 
253 483 651 
607 877 362 
652 239 385 
404 667 261 
653 367 608 
402 623 654 
654 260 403 
84 166 655 
655 345 525 
369 359 656 
341 906 656 
679 686 494 
657 263 509 
364 468 658 
374 615 658 
659 307 377 
377 548 659 
439 309 660 
271 683 660 
384 709 661 
306 795 661 
386 762 662 
363 890 260 
395 405 663 
249 954 663 
296 738 664 
268 491 664 
575 677 665 
587 898 444 
569 223 958 
223 265 666 
404 884 667 
278 932 667 
570 776 668 
668 560 409 
490 583 669 
429 792 669 
773 427 959 
427 332 670 
308 864 379 
629 953 421 
672 839 605 
439 901 309 
424 869 673 
506 927 317 
209 821 674 
370 690 674 
333 433 807 
550 937 433 
439 385 676 
380 602 676 
490 685 677 
444 665 677 
678 456 322 
322 789 678 
679 466 390 
960 686 390 
680 832 618 
246 241 680 
611 696 446 
681 469 252 
681 696 469 
682 846 419 
472 660 683 
271 621 683 
684 481 214 
214 180 684 
490 669 685 
427 773 685 
679 390 686 
686 960 263 
687 193 194 
194 793 687 
688 513 363 
363 608 688 
689 372 526 
526 649 689 
690 885 674 
68 817 370 
556 874 537 
691 399 344 
692 582 328 
328 447 692 
584 775 693 
226 638 693 
585 935 694 
202 475 961 
589 204 695 
695 460 478 
682 469 696 
681 446 696 
192 186 697 
687 809 193 
698 497 496 
496 191 698 
699 195 215 
592 928 215 
195 793 700 
194 112 700 
28 132 701 
701 200 643 
108 183 702 
702 323 554 
587 412 962 
773 904 412 
53 52 704 
704 206 551 
705 595 471 
471 744 705 
93 92 706 
320 657 706 
269 648 707 
351 565 707 
578 946 708 
708 522 457 
306 661 709 
384 580 709 
64 160 710 
226 775 710 
429 748 711 
711 274 488 
712 601 201 
201 545 712 
713 349 247 
247 110 713 
466 679 714 
442 225 714 
715 247 300 
300 769 715 
527 750 716 
339 619 716 
671 864 421 
308 788 717 
321 772 718 
426 528 718 
719 613 571 
571 59 719 
275 934 856 
271 851 270 
683 920 472 
202 731 721 
265 467 722 
722 357 441 
723 281 283 
283 620 723 
724 619 406 
406 862 724 
725 535 474 
474 887 725 
259 652 726 
726 385 472 
537 691 727 
398 744 727 
289 831 728 
256 841 728 
622 748 729 
593 450 963 
730 539 284 
284 853 730 
202 961 731 
731 276 568 
569 958 732 
732 261 615 
733 542 443 
443 892 733 
406 391 734 
734 266 305 
286 796 735 
632 857 409 
410 795 736 
736 306 274 
737 629 585 
585 694 737 
268 664 738 
612 863 296 
739 297 414 
414 664 739 
491 268 740 
290 534 740 
741 549 435 
435 417 741 
196 12 742 
742 417 603 
530 420 743 
384 661 743 
551 727 744 
398 705 744 
642 791 745 
485 355 745 
327 554 746 
198 641 746 
518 238 747 
360 913 747 
583 905 429 
748 905 729 
566 543 964 
334 952 543 
348 95 750 
339 716 750 
564 800 751 
366 655 751 
337 604 752 
752 217 559 
579 900 354 
753 251 431 
356 881 754 
238 780 754 
366 800 755 
227 915 212 
242 639 756 
388 763 756 
757 262 365 
365 666 757 
758 656 434 
434 849 758 
351 536 759 
216 324 759 
482 942 760 
324 825 760 
342 57 761 
761 381 595 
386 614 762 
276 895 762 
763 573 262 
262 441 763 
281 723 764 
393 886 838 
765 663 477 
477 298 765 
512 555 766 
399 874 766 
333 538 767 
489 815 767 
286 536 768 
768 351 648 
592 899 229 
416 715 769 
252 129 770 
770 302 502 
303 917 860 
446 502 965 
426 718 772 
321 639 772 
412 685 773 
670 959 427 
428 503 774 
304 782 774 
335 710 775 
226 693 775 
776 431 338 
338 668 776 
438 908 777 
218 753 777 
494 657 778 
320 91 778 
218 492 779 
447 633 779 
450 754 780 
780 238 459 
452 596 781 
317 673 781 
199 708 782 
457 774 782 
460 695 783 
204 948 783 
465 590 784 
203 373 784 
468 576 785 
277 909 785 
469 682 786 
376 19 786 
471 595 787 
381 152 787 
788 477 440 
440 717 788 
480 678 789 
322 479 789 
372 689 790 
480 835 790 
217 950 791 
485 745 791 
488 580 792 
332 669 792 
195 699 793 
499 926 793 
505 508 794 
452 951 794 
511 888 795 
306 736 795 
517 735 796 
286 768 796 
797 428 530 
530 643 797 
535 575 798 
798 413 547 
544 648 799 
269 627 799 
366 751 800 
800 564 357 
359 646 801 
567 802 801 
572 529 802 
257 801 802 
803 279 577 
577 249 803 
216 397 804 
804 415 599 
805 620 283 
283 534 805 
806 650 250 
250 527 806 
807 675 224 
224 826 807 
190 120 808 
808 191 496 
687 498 809 
497 698 809 
699 928 810 
510 6 810 
811 592 229 
229 549 811 
355 610 812 
393 764 812 
449 962 813 
813 703 476 
593 923 814 
486 605 814 
594 767 815 
489 591 815 
816 705 272 
272 383 816 
68 67 817 
817 245 690 
370 674 818 
318 829 818 
506 317 819 
425 76 819 
164 74 820 
210 640 820 
319 640 821 
318 674 821 
822 210 163 
163 73 822 
83 82 823 
823 81 345 
107 182 824 
214 481 824 
597 300 825 
501 760 825 
224 828 826 
273 852 826 
513 688 827 
437 932 827 
224 929 828 
514 512 828 
161 818 829 
318 640 829 
830 515 227 
227 939 830 
256 728 831 
831 289 647 
832 212 467 
467 618 832 
603 907 833 
350 955 833 
230 521 834 
834 397 536 
600 790 835 
835 480 789 
295 859 836 
836 285 626 
353 950 837 
837 604 232 
233 862 838 
838 305 764 
839 448 581 
581 605 839 
335 775 840 
840 430 557 
533 728 841 
256 893 841 
842 714 458 
458 515 842 
255 557 843 
843 430 519 
541 394 966 
844 394 574 
266 734 845 
845 391 617 
470 947 846 
846 682 696 
267 848 847 
847 423 552 
848 615 374 
374 847 848 
849 532 347 
347 758 849 
486 923 850 
850 275 720 
851 271 254 
254 850 851 
538 826 852 
852 273 556 
284 887 853 
292 737 853 
220 411 854 
280 964 854 
272 398 855 
855 344 647 
720 275 856 
856 539 730 
735 409 857 
632 955 857 
858 736 274 
274 622 858 
295 863 859 
307 659 859 
462 631 860 
418 965 860 
633 930 861 
522 946 861 
233 724 862 
862 406 734 
612 307 863 
863 295 738 
671 379 864 
864 308 717 
298 788 865 
865 308 297 
312 591 866 
206 704 866 
541 966 314 
867 267 847 
868 316 504 
504 208 868 
869 639 453 
453 673 869 
479 520 870 
348 750 870 
352 455 871 
871 248 649 
872 240 358 
358 463 872 
447 779 873 
492 959 873 
556 766 874 
874 399 691 
558 590 875 
465 466 875 
237 816 876 
876 383 572 
652 362 877 
877 607 346 
563 941 205 
878 550 636 
343 239 879 
346 937 879 
880 649 526 
526 554 880 
360 747 881 
238 754 881 
882 653 608 
608 623 882 
883 654 403 
403 895 883 
278 667 884 
404 958 884 
557 255 885 
528 674 885 
375 561 886 
233 838 886 
292 853 887 
284 725 887 
661 795 888 
888 511 329 
391 625 889 
889 263 616 
363 264 890 
890 392 662 
371 615 891 
891 267 844 
443 305 892 
892 266 279 
399 841 893 
256 831 893 
894 576 493 
493 910 894 
288 935 895 
403 762 895 
407 620 896 
896 253 651 
221 780 897 
897 459 545 
587 296 898 
898 396 665 
592 215 899 
899 416 769 
579 947 900 
900 251 753 
672 309 901 
901 439 676 
902 424 673 
673 927 902 
903 436 332 
332 792 903 
773 959 904 
492 924 904 
583 432 905 
340 729 905 
434 656 906 
906 341 645 
435 521 907 
350 833 907 
438 548 908 
377 813 908 
277 910 909 
909 440 387 
277 894 910 
910 421 717 
911 677 575 
575 401 911 
912 495 251 
251 900 947 
448 783 913 
586 747 913 
451 577 914 
279 845 914 
227 515 915 
915 454 755 
916 458 225 
225 168 916 
462 860 917 
917 303 196 
576 468 918 
918 364 623 
410 545 919 
473 32 919 
683 475 920 
920 202 721 
343 635 921 
921 478 602 
479 322 922 
213 177 922 
275 850 923 
486 814 923 
924 492 218 
218 777 924 
925 495 234 
234 301 925 
499 5 926 
926 498 687 
506 640 927 
319 902 927 
592 500 928 
510 810 928 
514 828 929 
929 224 607 
588 457 930 
522 861 930 
528 885 931 
931 255 553 
531 827 932 
437 667 932 
532 573 933 
236 718 933 
539 856 934 
275 258 934 
540 895 935 
288 961 935 
410 736 936 
936 221 897 
550 879 937 
937 346 675 
552 423 938 
938 387 630 
558 830 939 
227 832 939 
310 695 940 
940 478 635 
550 878 941 
941 563 635 
942 565 324 
324 760 942 
566 463 943 
943 358 392 
568 523 944 
259 726 944 
569 732 945 
945 371 246 
946 578 419 
419 947 946 
579 861 947 
419 846 947 
586 783 948 
204 39 948 
587 962 949 
449 307 949 
604 837 950 
353 791 950 
609 794 951 
452 781 951 
334 957 952 
952 624 749 
953 629 292 
292 887 953 
630 663 954 
249 314 954 
631 833 955 
350 857 955 
482 760 956 
956 217 791 
645 624 957 
334 827 957 
666 884 958 
404 732 958 
670 873 959 
492 904 959 
390 373 960 
616 263 960 
694 935 961 
288 731 961 
703 813 962 
449 949 962 
963 729 340 
340 258 963 
749 854 964 
280 463 964 
771 860 965 
418 234 965 
966 844 267 
267 867 966 
